  cohort_state  event_time           att            se      pval
0           CA           0 -3.979235e-03  4.796939e-02  0.933888
1           CA           1  2.304243e-02  4.803588e-02  0.631446
2           CA           2 -1.845439e-02  4.539687e-02  0.684366
3           CA           3 -5.088356e-02  4.817666e-02  0.290883
4           CA           4 -6.083576e-02  4.982581e-02  0.222098
5           VA           0  5.524338e-17  1.732883e-17  0.001433
6           VA           1  1.141760e-17  3.688427e-18  0.001965
7           CO           0  5.524338e-17  1.732883e-17  0.001433
8           CO           1  1.141760e-17  3.688427e-18  0.001965

Avg ATT: -0.0123
